1024 0.001743
2048 0.003288
4096 0.006405
8192 0.01264
16384 0.024016
32768 0.04765
65536 0.117254
131072 0.136308
262144 0.316959
524288 0.544922
1048576 1.06662
2097152 2.1774
4194304 4.68678
8388608 9.48224
16777216 19.0249
33554432 38.2275
67108864 76.2416
134217728 151.875
268435456 5652.69
536870912 10383.3
1073741824 22732.2
1024 0
102400 0
102456 0.6585
10566 0
1073741 3.0003
10737 0
10737 0
0 0
120000 0
1200000 5.0018
134217728 704.672
134217728 557.912
107374182 434.761
10737 0
107370 0.9999
